2 0.2234375 0.259375 0.046875 0.11328125
2 0.07734375 0.625 0.04375 0.05234375
2 0.728125 0.1703125 0.05 0.05546875
2 0.0921875 0.1296875 0.06328125 0.0703125
2 0.58984375 0.240625 0.0890625 0.0890625
2 0.73125 0.51484375 0.071875 0.07578125
2 0.46875 0.93515625 0.05546875 0.06796875
2 0.19765625 0.4640625 0.05546875 0.07265625
2 0.3921875 0.7546875 0.05078125 0.05859375
2 0.40625 0.33671875 0.08671875 0.09453125
2 0.634375 0.3484375 0.07265625 0.07421875
2 0.6328125 0.5046875 0.08359375 0.1375
2 0.85390625 0.2515625 0.10390625 0.06484375