2 0.09921875 0.121875 0.0421875 0.04609375
2 0.59296875 0.284375 0.03828125 0.0375
2 0.0796875 0.61875 0.03828125 0.03828125
2 0.334375 0.2 0.0375 0.0375
2 0.39296875 0.3140625 0.0484375 0.04609375
2 0.740625 0.52421875 0.053125 0.0453125
2 0.17265625 0.54453125 0.03828125 0.03828125
2 0.11484375 0.275 0.0453125 0.04921875
2 0.62890625 0.334375 0.0453125 0.04765625
2 0.56640625 0.21015625 0.0453125 0.04609375
2 0.190625 0.215625 0.04375 0.0453125
2 0.2 0.3296875 0.03984375 0.03828125
2 0.62734375 0.48203125 0.05 0.08359375
2 0.23125 0.465625 0.05 0.04765625
2 0.13359375 0.475 0.05 0.0390625
2 0.0171875 0.5203125 0.03359375 0.0515625