2 0.11328125 0.74765625 0.0890625 0.08515625
2 0.740625 0.76875 0.0671875 0.06796875
2 0.8609375 0.78046875 0.08671875 0.0578125
2 0.615625 0.390625 0.24453125 0.2671875
2 0.32734375 0.79375 0.04375 0.0484375
2 0.396875 0.7546875 0.0578125 0.07421875
2 0.084375 0.6171875 0.0515625 0.04609375
2 0.5703125 0.7859375 0.04453125 0.04296875
2 0.6859375 0.740625 0.0265625 0.0453125
2 0.69296875 0.7921875 0.02578125 0.02578125
2 0.796875 0.79765625 0.0375 0.0484375
2 0.9515625 0.7796875 0.05390625 0.096875