2 0.39921875 0.37890625 0.05 0.05
2 0.84296875 0.24609375 0.0421875 0.04609375
2 0.50078125 0.30078125 0.04140625 0.04140625
2 0.396875 0.315625 0.04609375 0.046875
2 0.628125 0.46484375 0.0453125 0.04296875
2 0.3328125 0.21171875 0.0515625 0.05625
2 0.1765625 0.54609375 0.03828125 0.03828125
2 0.209375 0.22421875 0.0796875 0.05390625
2 0.11953125 0.45703125 0.04765625 0.07421875
2 0.43125 0.15078125 0.05234375 0.04609375
2 0.09609375 0.121875 0.05390625 0.06171875
2 0.17734375 0.14453125 0.05546875 0.05546875
2 0.11484375 0.28515625 0.06484375 0.0796875
2 0.22421875 0.45703125 0.05 0.04609375
2 0.23359375 0.58359375 0.04609375 0.04296875
2 0.0875 0.615625 0.05 0.0375
2 0.02109375 0.51328125 0.04140625 0.05390625
2 0.45859375 0.48125 0.05 0.06171875
2 0.48046875 0.1546875 0.03515625 0.04609375
2 0.5703125 0.2078125 0.0484375 0.059375
2 0.61875 0.246875 0.0328125 0.059375
2 0.7421875 0.1765625 0.06875 0.040625
2 0.63515625 0.334375 0.05234375 0.05546875
2 0.59375 0.28203125 0.0765625 0.05546875
2 0.27890625 0.27265625 0.0484375 0.03359375