2 0.4140625 0.01640625 0.0375 0.0328125
2 0.73046875 0.16796875 0.05078125 0.0484375
2 0.39375 0.31328125 0.03828125 0.0375
2 0.5671875 0.21328125 0.034375 0.034375
2 0.47734375 0.15859375 0.046875 0.05
2 0.103125 0.12109375 0.0484375 0.04609375
2 0.21953125 0.225 0.05546875 0.05
2 0.20390625 0.3296875 0.0390625 0.028125
2 0.4984375 0.303125 0.0296875 0.03203125
2 0.59375 0.28984375 0.0390625 0.0328125
2 0.8421875 0.22734375 0.0578125 0.08359375
2 0.68515625 0.30859375 0.028125 0.02421875
2 0.51796875 0.3953125 0.028125 0.03359375