2 0.9171875 0.8203125 0.15 0.16953125
2 0.840625 0.253125 0.11171875 0.12734375
2 0.5875 0.4390625 0.1390625 0.1625
2 0.759375 0.778125 0.1125 0.128125
2 0.14453125 0.7515625 0.16328125 0.16328125
2 0.44453125 0.43125 0.11171875 0.13125
2 0.68984375 0.2171875 0.14921875 0.1875
2 0.690625 0.7734375 0.2453125 0.18984375
2 0.640625 0.76640625 0.134375 0.16328125
2 0.13359375 0.21171875 0.2359375 0.24140625
2 0.09453125 0.49921875 0.1859375 0.16015625
2 0.72265625 0.5015625 0.12421875 0.13046875
2 0.346875 0.246875 0.12421875 0.14140625
2 0.4953125 0.74765625 0.13125 0.1484375