1 0.4375 0.7765625 0.2515625 0.35625
1 0.59609375 0.54375 0.08046875 0.13984375
1 0.165625 0.31015625 0.20234375 0.42265625
1 0.48359375 0.725 0.19609375 0.23203125
1 0.078125 0.8671875 0.103125 0.11953125
1 0.446875 0.09765625 0.14375 0.1890625
1 0.60859375 0.2703125 0.10078125 0.21015625
1 0.30390625 0.34296875 0.3578125 0.3890625
1 0.1375 0.134375 0.1296875 0.10078125
1 0.134375 0.39140625 0.13359375 0.2984375
1 0.425 0.12890625 0.10703125 0.11796875
1 0.028125 0.48984375 0.05625 0.16796875
1 0.0765625 0.6625 0.1390625 0.209375