1 0.20390625 0.459375 0.0421875 0.0390625
1 0.471875 0.92265625 0.0296875 0.0453125
1 0.11796875 0.44609375 0.0328125 0.0609375
1 0.33125 0.2046875 0.05 0.0453125
2 0.39140625 0.3125 0.04453125 0.040625
2 0.20078125 0.3265625 0.03515625 0.040625
2 0.565625 0.2125 0.0421875 0.04375
2 0.6875 0.4984375 0.17578125 0.1328125
2 0.19375 0.2171875 0.04140625 0.0390625
2 0.646875 0.29765625 0.13984375 0.1359375
2 0.09453125 0.11875 0.03984375 0.0421875
2 0.6453125 0.46953125 0.2515625 0.1828125
2 0.5890625 0.434375 0.14375 0.14765625
2 0.696875 0.20390625 0.1515625 0.14296875