2 0.109375 0.4453125 0.0640625 0.0796875
2 0.83125 0.25625 0.07109375 0.07734375
2 0.325 0.22109375 0.08125 0.07578125
2 0.64140625 0.51015625 0.06953125 0.06953125
2 0.21484375 0.2359375 0.0578125 0.06015625
2 0.690625 0.50859375 0.1703125 0.09375
2 0.56875 0.21484375 0.04375 0.0421875
2 0.23125 0.596875 0.05 0.06796875
2 0.59765625 0.2515625 0.084375 0.09375
2 0.70625 0.1921875 0.10859375 0.1140625
2 0.64375 0.48671875 0.25625 0.146875
2 0.70078125 0.30703125 0.0671875 0.0734375
2 0.65078125 0.48203125 0.096875 0.09921875
2 0.13203125 0.1390625 0.11015625 0.109375
2 0.6296875 0.3390625 0.05078125 0.059375
2 0.646875 0.45 0.0890625 0.0890625
2 0.11640625 0.28359375 0.0453125 0.04609375
2 0.40078125 0.32265625 0.05390625 0.06328125
2 0.1984375 0.3296875 0.04765625 0.04609375
2 0.0796875 0.62421875 0.06171875 0.071875
2 0.021875 0.5234375 0.0421875 0.07109375
2 0.18359375 0.55703125 0.0515625 0.0703125