2 0.73671875 0.5109375 0.065625 0.06328125
2 0.87578125 0.2546875 0.0984375 0.0640625
2 0.13359375 0.1421875 0.1140625 0.1125
2 0.9046875 0.26796875 0.03828125 0.05390625
2 0.8984375 0.2640625 0.05859375 0.0734375
2 0.884375 0.2578125 0.0359375 0.0640625
2 0.7078125 0.1921875 0.1078125 0.11171875
2 0.63984375 0.5140625 0.0796875 0.0921875
2 0.40703125 0.31953125 0.0453125 0.0375
2 0.32109375 0.22734375 0.071875 0.05390625
2 0.22265625 0.23203125 0.0578125 0.0453125
2 0.48125 0.1703125 0.06328125 0.0578125
2 0.5953125 0.240625 0.090625 0.09453125
2 0.63671875 0.33515625 0.05 0.0390625
2 0.68125 0.29609375 0.0421875 0.06484375
2 0.115625 0.259375 0.0375 0.0375