2 0.45625 0.42578125 0.0875 0.09609375
2 0.13359375 0.1578125 0.115625 0.14765625
2 0.703125 0.4984375 0.159375 0.128125
2 0.45625 0.19375 0.10859375 0.12578125
2 0.15625 0.39921875 0.08359375 0.0890625
2 0.11875 0.44375 0.090625 0.10390625
2 0.2125 0.33828125 0.078125 0.05
2 0.2234375 0.3953125 0.1 0.0671875
2 0.1796875 0.45078125 0.06484375 0.05234375
2 0.1515625 0.496875 0.09296875 0.05546875
2 0.3203125 0.23515625 0.09609375 0.11328125
2 0.2921875 0.3078125 0.11484375 0.1109375
2 0.84765625 0.265625 0.12421875 0.1515625
2 0.7859375 0.3890625 0.06328125 0.08359375
2 0.69140625 0.221875 0.1515625 0.1984375
2 0.59453125 0.44140625 0.13359375 0.16328125
2 0.4109375 0.33828125 0.0671875 0.09140625
2 0.49921875 0.24921875 0.08671875 0.109375