2 0.72890625 0.1703125 0.04765625 0.05390625
2 0.84375 0.24765625 0.04453125 0.04765625
2 0.678125 0.31796875 0.0453125 0.04921875
2 0.8109375 0.62265625 0.0578125 0.0640625
2 0.28359375 0.26953125 0.0453125 0.04375
2 0.40078125 0.3828125 0.0484375 0.05390625
2 0.22265625 0.234375 0.04765625 0.05234375
2 0.7359375 0.5109375 0.05546875 0.0640625
2 0.6828125 0.5375 0.05625 0.05546875
2 0.2328125 0.5984375 0.04609375 0.06328125
2 0.6375 0.88359375 0.0515625 0.0625
2 0.39296875 0.3265625 0.05 0.06328125
2 0.06640625 0.13046875 0.10625 0.06796875
2 0.33359375 0.2125 0.05 0.05625
2 0.47578125 0.15859375 0.04296875 0.05234375
2 0.3828125 0.75390625 0.06171875 0.059375
2 0.48125 0.92890625 0.16484375 0.1
2 0.50390625 0.30625 0.04609375 0.05
2 0.56953125 0.2140625 0.05 0.0515625
2 0.62109375 0.2453125 0.053125 0.05
2 0.5859375 0.28359375 0.04453125 0.040625
2 0.64140625 0.3421875 0.0515625 0.059375
2 0.63515625 0.49375 0.08515625 0.090625
2 0.33359375 0.79296875 0.04453125 0.06171875
2 0.3078125 0.98125 0.0421875 0.03359375
2 0.03046875 0.70390625 0.0609375 0.05859375
2 0.0734375 0.61875 0.04765625 0.0484375
2 0.184375 0.56484375 0.0625 0.06953125
2 0.115625 0.45546875 0.05625 0.075
2 0.2 0.4609375 0.0515625 0.0640625
2 0.01640625 0.50234375 0.03203125 0.12265625
2 0.1921875 0.196875 0.04609375 0.07265625