2 0.11796875 0.45546875 0.0453125 0.0734375
2 0.6890625 0.50859375 0.1609375 0.08671875
2 0.471875 0.92421875 0.0453125 0.0484375
2 0.09921875 0.121875 0.04296875 0.0453125
2 0.91875 0.87890625 0.04140625 0.04453125
2 0.41640625 0.0171875 0.0421875 0.034375
2 0.07890625 0.62578125 0.03984375 0.04765625
2 0.39765625 0.31640625 0.04375 0.04375
2 0.2359375 0.6 0.0453125 0.053125
2 0.72890625 0.16796875 0.05390625 0.05546875
2 0.66640625 0.1578125 0.04921875 0.0640625
2 0.20859375 0.22578125 0.071875 0.0515625
2 0.64453125 0.33203125 0.196875 0.278125
2 0.859375 0.26328125 0.08359375 0.07734375
2 0.028125 0.49921875 0.05390625 0.12578125
2 0.18359375 0.56640625 0.04609375 0.08359375
2 0.32734375 0.79453125 0.07109375 0.0671875
2 0.2203125 0.4703125 0.04453125 0.0421875