2 0.83515625 0.259375 0.053125 0.06875
2 0.56796875 0.2140625 0.0359375 0.0421875
2 0.61171875 0.24609375 0.04765625 0.0515625
2 0.59375 0.28828125 0.0453125 0.0390625
2 0.21953125 0.2328125 0.05546875 0.04609375
2 0.63125 0.33984375 0.04375 0.053125
2 0.08984375 0.1265625 0.05078125 0.0640625
2 0.72578125 0.175 0.05078125 0.05390625
2 0.390625 0.321875 0.04765625 0.05625
2 0.73515625 0.50703125 0.06640625 0.0671875
2 0.60546875 0.45703125 0.14375 0.2
2 0.5 0.30390625 0.05390625 0.07109375
2 0.11484375 0.4546875 0.0734375 0.06953125